1.         -0.7              0.          1.
1.        -0.3               0.          1.
1.         -1.30694568       0.          1.
1.         2.53300676        0.          1.
1.          1                0.          1.
1.         -0.4              0.          1.
1.        -0.2               0.          1.
1.         -1.12694568       0.          1.
1.         2.03300676        0.          1.
1.          1.5                0.          1.
1.          1.5                0.          1.
1.         -0.2              0.          1.
1.        -0.9               0.          1.
1.         -1.568       0.          1.
1.         2.03300676        0.          1.
1.          1.7                0.          1.
1.        -0.3               0.          1.
1.         -1.30694568       0.          1.
1.         2.53300676        0.          1.